camera calibration

distortion_model: "plumb_bob"
D: [-0.001983, 0.015844, -0.003171, 0.001506, 0.0]
K: [396.17782, 0.0, 322.453185, 0.0, 399.798333, 174.243174, 0.0, 0.0, 1.0]
R: [1.0, 0.0, 0.0, 0.0, 1.0, 0.0, 0.0, 0.0, 1.0]
P: [400.182373, 0.0, 323.081936, 0.0, 0.0, 403.197845, 172.320207, 0.0, 0.0, 0.0, 1.0, 0.0]